0.00125
0.0025
0.00375
0.005
0.00625
0.0075
0.00875
0.01
0.01
0.009619435722790178
0.008535680352542143
0.006913725820109268
0.005000500000000001
0.0030872741798907343
0.001465319647457856
0.000381564277209822
0.01
0.00990393600937595
0.009619435722790178
0.009157432326706575
0.008535680352542143
0.007778073379981502
0.006913725820109268
0.005975854064919635
0.005000500000000001
0.004025145935080367
0.0030872741798907343
0.0022229266200185
0.001465319647457856
0.0008435676732934246
0.000381564277209822
9.706399062404947e-05
0.01
0.00997592604099765
0.00990393600937595
0.009784723208493178
0.009619435722790178
0.0094096653611096
0.009157432326706575
0.008865165761587003
0.008535680352542143
0.008172149224176146
0.007778073379981502
0.007357247985761577
0.006913725820109268
0.006451778243933685
0.005975854064919635
0.00549053669307764
0.005000500000000001
0.004510463306922362
0.004025145935080367
0.0035492217560663167
0.0030872741798907343
0.0026437520142384248
0.0022229266200185
0.001828850775823855
0.001465319647457856
0.0011358342384129964
0.0008435676732934246
0.0005913346388903996
0.000381564277209822
0.000216276791506822
9.706399062404947e-05
2.5073959002352013e-05
0.01
0.009993977883297759
0.00997592604099765
0.009945887961568924
0.00990393600937595
0.009850171250346124
0.009784723208493178
0.009707749553882513
0.009619435722790178
0.009519994470970655
0.0094096653611096
0.009288714185696361
0.009157432326706575
0.009016136053637484
0.008865165761587003
0.008704885151212118
0.008535680352542143
0.008357958994757669
0.008172149224176146
0.007978698672809922
0.007778073379981502
0.007570756669594012
0.007357247985761577
0.0071380616896046965
0.006913725820109268
0.0066847808220344045
0.006451778243933685
0.006215279409426369
0.005975854064919635
0.005734079007039581
0.00549053669307764
0.005245813837799928
0.005000500000000001
0.004755186162200074
0.004510463306922362
0.00426692099296042
0.004025145935080367
0.003785720590573633
0.0035492217560663167
0.0033162191779655967
0.0030872741798907343
0.002862938310395306
0.0026437520142384248
0.0024302433304059894
0.0022229266200185
0.00202230132719008
0.001828850775823855
0.0016430410052423313
0.001465319647457856
0.0012961148487878832
0.0011358342384129964
0.0009848639463625162
0.0008435676732934246
0.0007122858143036401
0.0005913346388903996
0.0004810055290293451
0.000381564277209822
0.0002932504461174881
0.000216276791506822
0.0001508287496538774
9.706399062404947e-05
5.511203843107732e-05
2.5073959002352013e-05
7.0221167022405615e-06
0.01
0.009998494244071673
0.009993977883297759
0.009986453638165112
0.00997592604099765
0.009962401433226251
0.009945887961568924
0.009926395573123512
0.00990393600937595
0.009878522799127622
0.009850171250346124
0.009818898440944301
0.009784723208493178
0.009747666138874888
0.009707749553882513
0.009664997497774276
0.009619435722790178
0.009571091673639802
0.009519994470970655
0.009466174893826979
0.0094096653611096
0.009350499912048003
0.009288714185696361
0.00922434539946591
0.009157432326706575
0.009088015273351343
0.009016136053637484
0.008941837964919219
0.008865165761587003
0.00878616562810917
0.008704885151212118
0.00862137329121586
0.008535680352542143
0.008447857953412966
0.008357958994757669
0.008266037628347407
0.008172149224176146
0.008076350337107843
0.007978698672809922
0.007879253052993519
0.007778073379981502
0.007675220600625544
0.007570756669594012
0.007464744512052807
0.007357247985761577
0.007248331842608207
0.0071380616896046965
0.007026503949367947
0.006913725820109268
0.0067997952351566745
0.0066847808220344045
0.00656875186112426
0.006451778243933685
0.006333930430995755
0.006215279409426369
0.0060958966501642705
0.005975854064919635
0.005855223962857127
0.005734079007039581
0.005612492170658482
0.00549053669307764
0.005368286035716539
0.005245813837799928
0.005123193872000301
0.005000500000000001
0.004877806127999701
0.004755186162200074
0.004632713964283464
0.004510463306922362
0.00438850782934152
0.00426692099296042
0.004145776037142874
0.004025145935080367
0.0039051033498357303
0.003785720590573633
0.0036670695690042463
0.0035492217560663167
0.0034322481388757427
0.0033162191779655967
0.0032012047648433267
0.0030872741798907343
0.002974496050632054
0.002862938310395306
0.0027526681573917943
0.0026437520142384248
0.0025362554879471955
0.0024302433304059894
0.002325779399374459
0.0022229266200185
0.0021217469470064827
0.00202230132719008
0.0019246496628921568
0.001828850775823855
0.0017349623716525944
0.0016430410052423313
0.001553142046587034
0.001465319647457856
0.001379626708784142
0.0012961148487878832
0.00121483437189083
0.0011358342384129964
0.0010591620350807822
0.0009848639463625162
0.000912984726648658
0.0008435676732934246
0.0007766546005340894
0.0007122858143036401
0.0006505000879519977
0.0005913346388903996
0.0005348251061730217
0.0004810055290293451
0.00042990832636019836
0.000381564277209822
0.0003360025022257232
0.0002932504461174881
0.0002533338611251132
0.000216276791506822
0.00018210155905569854
0.0001508287496538774
0.000122477200872377
9.706399062404947e-05
7.460442687648836e-05
5.511203843107732e-05
3.859856677374952e-05
2.5073959002352013e-05
1.4546361834888313e-05
7.0221167022405615e-06
2.5057559283268522e-06
1.2528779641634261e-06
6.264389820817131e-07
3.1321949104085653e-07
1.5660974552042826e-07
7.830487276021413e-08
3.9152436380107066e-08
1.9576218190053533e-08
9.788109095026767e-09
4.894054547513383e-09
2.4470272737566916e-09
1.2235136368783458e-09
6.117568184391729e-10
3.0587840921958645e-10
1.5293920460979323e-10
7.646960230489661e-11
3.823480115244831e-11
1.9117400576224153e-11
9.558700288112077e-12
4.779350144056038e-12
2.389675072028019e-12
1.1948375360140096e-12
5.974187680070048e-13
2.987093840035024e-13
1.493546920017512e-13
